223
783
147
0
146
79
97
57
149
37
39
0
119
63
63
124
19
19
19
19
19
19
19
19
19
19
19
32
32
32
32
32
32
32
32
32
43
43
43
43
43
43
43
43
43
175
175
115
115
115
115
115
1
1
1
1
1
1
1
1
1
1
1
1
12
12
12
12
12
12
12
12
12
12
12
5
5
5
5
5
5
5
5
5
5
5
5
69
69
69
69
69
69
46
15
11
11
11
11
11
11
11
11
11
11
11
3
11
11
11
11
11
11
11
11
11
11
11
28
28
28
28
28
28
28
28
28
28
34
34
34
34
34
34
34
34
34
141
21
21
21
21
21
21
21
21
21
21
158
23
23
23
23
23
23
285
35
35
35
35
35
35
54
54
2
2
2
2
2
18
18
18
18
3
3
3
3
3
126
254
254
254
254
254
254
254
254
254
254
254
254
254
254
254
3
3
3
3
3
192
192
192
192
192
192
192
192
153
153
153
153
153
153
153
153
153
9
9
9
9
9
68
91
54
51
2
2
2
2
2
